0.00000000
0.01116481
0.04544559
0.10397744
0.18783958
0.29805879
0.43561166
0.60142578
0.79637991
1.02130308
1.27697271
1.56411169
1.88338456
2.23539263
2.62066832
3.03966858
3.49276748
3.98024818
4.50229427
5.05898062
5.65026399
6.27597352
6.93580134
7.62929356
8.35584196
9.11467663
9.90485992
10.72528196
11.57465827
12.45152940
13.35426329
14.28106023
15.22996073
16.19885633
17.18550331
18.18753917
19.20250171
20.22785021
21.26098850
22.29928926
23.34011907
24.38086354
25.41895202
26.45188128
27.47723753
28.49271646
29.49614087
30.48547549
31.45883905
32.41451323
33.35094881
34.26676878
35.16076902
36.03191632
36.87934438
37.70234796
38.50037544
39.27302026
40.02001137
40.74120312
41.43656478
42.10616994
42.75018594
43.36886360
43.96252719
44.53156503
45.07642048
45.59758358
46.09558334
46.57098064
47.02436170
47.45633230
47.86751249
48.25853192
48.63002570
48.98263076
49.31698268
49.63371298
49.93344671
50.21680049
50.48438085
50.73678279
50.97458869
51.19836738
51.40867344
51.60604667
51.79101169
51.96407771
52.12573840
52.27647185
52.41674061
52.54699184
52.66765747
52.77915443
52.88188494
52.97623680
53.06258372
53.14128568
53.21268929
53.27712819
50.38936451
50.36604474
50.34329157
50.32109961
50.29946325
50.27837668
50.25783389
50.23782870
50.21835474
50.19940550
50.18097434
50.16305445
50.14563891
50.12872070
50.11229267
50.09634760
50.08087817
50.06587698
50.05133657
50.03724942
50.02360796
50.01040457
49.99763161
49.98528138
49.97334620
49.96181833
49.95069007
49.93995367
49.92960143
49.91962563
49.91001856
49.90077257
49.89187999
49.88333322
49.87512466
49.86724678
49.85969208
49.85245312
49.84552250
49.83889288
49.83255699
49.82650760
49.82073758
49.81523984
49.81000738
49.80503326
49.80031064
49.79583274
49.79159288
49.78758444
49.78380090
49.78023583
49.77688290
49.77373584
49.77078850
49.76803481
49.76546881
49.76308461
49.76087643
49.75883860
49.75696554
49.75525174
49.75369184
49.75228054
49.75101266
49.74988311
49.74888689
49.74801913
49.74727502
49.74664990
49.74613915
49.74573830
49.74544295
49.74524880
49.74515167
49.74514744
49.74523212
49.74540179
49.74565265
49.74598098
49.74638314
49.74685562
49.74739495
49.74799781
49.74866091
49.74938109
49.75015527
49.75098044
49.75185369
49.75277219
49.75373320
49.75473404
49.75577214
49.75684498
49.75795015
49.75908528
49.76024811
49.76143643
49.76264812
49.76388112
