1.00000000
0.95558577
0.91313426
0.87257362
0.83383548
0.79685466
0.76156875
0.72791791
0.69584454
0.66529317
0.63621021
0.60854388
0.58224405
0.55726212
0.53355101
0.51106502
0.48975980
0.46959229
0.45052069
0.43250443
0.41550413
0.39948155
0.38439961
0.37022236
0.35691493
0.34444353
0.33277544
0.32187900
0.31172353
0.30227941
0.29351796
0.28541148
0.27793320
0.27105728
0.26475875
0.25901351
0.25379830
0.24909065
0.24486889
0.24111207
0.23779998
0.23491307
0.23243247
0.23033993
0.22861778
0.22724894
0.22621685
0.22550547
0.22509924
0.22498307
0.22514229
0.22556266
0.22623031
0.22713177
0.22825391
0.22958394
0.23110939
0.23281812
0.23469829
0.23673832
0.23892695
0.24125318
0.24370630
0.24627583
0.24895161
0.25172369
0.25458244
0.25751844
0.26052259
0.26358602
0.26670016
0.26985670
0.27304763
0.27626521
0.27950199
0.28275083
0.28600489
0.28925762
0.29250280
0.29573449
0.29894712
0.30213539
0.30529436
0.30841940
0.31150621
0.31455082
0.31754960
0.32049922
0.32339670
0.32623940
0.32902498
0.33175143
0.33441707
0.33702053
0.33956073
0.34203695
0.34444871
0.34679588
0.34907860
0.35129730
0.35345269
0.35554574
0.35757772
0.35955012
0.36146471
0.36332346
0.36512861
0.36688258
0.36858801
0.37024770
0.37186464
0.37344197
0.37498294
0.37649093
0.37796939
0.37942183
0.38085181
0.38226291
0.38365866
0.38504258
0.38641813
0.38778865
0.38915738
0.39052742
0.39190170
0.39328295
0.39467372
0.39607632
0.39749282
0.39892502
0.40037448
0.40184247
0.40332998
0.40483770
0.40636604
0.40791514
0.40948481
0.41107462
0.41268385
0.41431151
0.41595634
0.41761687
0.41929138
0.42097791
0.42267435
0.42437834
0.42608741
0.42779889
0.42951000
0.43121784
0.43291940
0.43461159
0.43629126
0.43795520
0.43960018
0.44122296
0.44282027
0.44438890
0.44592565
0.44742736
0.44889095
0.45031341
0.45169180
0.45302331
0.45430522
0.45553495
0.45671005
0.45782819
0.45888723
0.45988518
0.46082019
0.46169063
0.46249502
0.46323208
0.46390072
0.46450003
0.46502932
0.46548810
0.46587605
0.46619307
0.46643928
0.46661497
0.46672064
0.46675697
0.46672486
0.46662537
0.46645977
0.46622947
0.46593609
0.46558141
0.46516736
0.46469604
0.46416968
0.46359069
0.46296159
0.46228505
0.46156386
0.46080094
0.45999932
0.45916213
0.45829264
0.45739420
0.45647025
0.45552432
0.45456003
0.45358107
0.45259118
0.45159419
0.45059393
0.44959429
0.44859918
0.44761251
0.44663818
0.44568007
0.44474201
0.44382777
0.44294104
0.44208541
0.44126436
0.44048122
0.43973917
0.43904120
0.43839011
0.43778849
0.43723871
0.43674286
0.43630282
0.43592017
0.43559622
0.43533201
0.43512827
0.43498545
0.43490371
0.43488290
0.43492259
0.43502209
0.43518040
0.43539626
0.43566816
0.43599434
0.43637281
0.43680135
0.43727754
0.43779876
0.43836224
0.43896501
0.43960400
0.44027599
0.44097765
0.44170558
0.44245627
0.44322618
0.44401172
0.44480926
0.44561516
0.44642580
0.44723756
0.44804686
0.44885016
0.44964397
0.45042488
0.45118956
0.45193477
0.45265738
0.45335436
0.45402282
0.45466000
0.45526326
0.45583013
0.45635830
0.45684560
0.45729005
0.45768983
0.45804330
0.45834902
0.45860571
0.45881228
0.45896786
0.45907173
0.45912340
0.45912253
0.45906901
0.45896289
0.45880443
0.45859405
0.45833236
0.45802016
0.45765840
0.45724822
0.45679092
0.45628793
0.45574089
0.45515153
0.45452178
0.45385366
0.45314937
0.45241120
0.45164160
0.45084311
0.45001842
0.44917029
0.44830163
0.44741542
0.44651474
0.44560278
0.44468278
0.44375808
0.44283207
0.44190819
0.44098994
0.44008084
0.43918443
0.43830426
0.43744385
0.43660669
0.43579626
0.43501591
0.43426897
0.43355861
0.43288790
0.43225977
0.43167698
0.43114210
0.43065752
0.43022539
0.42984765
0.42952600
0.42926186
0.42905640
0.42891054
0.42882488
0.42879978
0.42883528
0.42893117
0.42908695
0.42930184
0.42957480
0.42990451
0.43028943
0.43072776
0.43121746
0.43175631
0.43234185
0.43297147
0.43364234
0.43435152
0.43509592
0.43587230
0.43667733
0.43750760
0.43835962
0.43922981
0.44011459
0.44101034
0.44191340
0.44282014
0.44372694
0.44463021
0.44552641
0.44641203
0.44728366
0.44813795
0.44897166
0.44978164
0.45056485
0.45131837
0.45203944
0.45272542
0.45337380
0.45398226
0.45454862
0.45507087
0.45554720
0.45597594
0.45635562
0.45668496
0.45696287
0.45718844
0.45736095
0.45747989
0.45754493
0.45755592
0.45751293
0.45741619
0.45726613
0.45706335
0.45680865
0.45650297
0.45614745
0.45574339
0.45529225
0.45479563
0.45425530
0.45367318
0.45305132
0.45239189
0.45169724
0.45096979
0.45021213
0.44942694
0.44861702
0.44778528
0.44693473
0.44606846
0.44518969
0.44430168
0.44340780
0.44251145
0.44161610
0.44072529
0.43984256
0.43897146
0.43811558
0.43727847
0.43646366
0.43567463
0.43491478
0.43418745
0.43349585
0.43284309
0.43223211
0.43166569
0.43114646
0.43067680
0.43025891
0.42989475
0.42958603
0.42933422
0.42914050
0.42900581
0.42893078
0.42891578
0.42896088
0.42906589
0.42923032
0.42945341
0.42973413
0.43007120
0.43046307
0.43090796
0.43140385
0.43194853
0.43253955
0.43317429
0.43384998
0.43456365
0.43531221
0.43609247
0.43690108
0.43773465
0.43858968
0.43946262
0.44034988
0.44124784
0.44215287
0.44306133
0.44396962
0.44487413
0.44577134
0.44665775
0.44752995
0.44838460
0.44921846
0.45002838
0.45081134
0.45156443
0.45228487
0.45297003
0.45361743
0.45422473
0.45478977
0.45531055
0.45578525
0.45621221
0.45658998
0.45691727
0.45719300
0.45741626
0.45758636
0.45770277
0.45776518
0.45777345
0.45772764
0.45762799
0.45747494
0.45726911
0.45701127
0.45670241
0.45634365
0.45593630
0.45548182
0.45498182
0.45443809
0.45385253
0.45322721
0.45256431
0.45186616
0.45113522
0.45037406
0.44958537
0.44877195
0.44793672
0.44708269
0.44621297
0.44533076
0.44443933
0.44354206
0.44264234
0.44174367
0.44084956
0.43996357
0.43908925
0.43823019
0.43738994
0.43657203
0.43577995
0.43501710
0.43428681
0.43359230
0.43293668
0.43232289
0.43175372
0.43123177
0.43075946
0.43033896
0.42997224
0.42966102
0.42940676
0.42921064
0.42907359
0.42899625
0.42897900
0.42902189
0.42912474
0.42928706
0.42950808
0.42978678
0.43012188
0.43051181
0.43095481
0.43144886
0.43199173
0.43258099
0.43321401
0.43388801
0.43460004
0.43534700
0.43612568
0.43693277
0.43776484
0.43861841
0.43948993
0.44037581
0.44127241
0.44217612
0.44308330
0.44399033
0.44489363
0.44578965
0.44667490
0.44754598
0.44839954
0.44923234
0.45004123
0.45082318
0.45157530
0.45229480
0.45297905
0.45362557
0.45423202
0.45479624
0.45531622
0.45579015
0.45621637
0.45659343
0.45692003
0.45719510
0.45741774
0.45758723
0.45770306
0.45776492
0.45777265
0.45772634
0.45762621
0.45747270
0.45726643
0.45700819
0.45669893
0.45633980
0.45593210
0.45547729
0.45497699
0.45443297
0.45384715
0.45322157
0.45255844
0.45186008
0.45112894
0.45036759
0.44957873
0.44876516
0.44792980
0.44707564
0.44620581
0.44532350
0.44443199
0.44353464
0.44263487
0.44173614
0.44084199
0.43995596
0.43908163
0.43822255
0.43738229
0.43656439
0.43577231
0.43500948
0.43427921
0.43358473
0.43292914
0.43231539
0.43174626
0.43122437
0.43075210
0.43033166
0.42996500
0.42965384
0.42939964
0.42920359
0.42906661
0.42898935
0.42897217
0.42901514
0.42911807
0.42928046
0.42950157
0.42978035
0.43011553
0.43050555
0.43094863
0.43144277
0.43198572
0.43257507
0.43320818
0.43388227
0.43459438
0.43534143
0.43612021
0.43692738
0.43775954
0.43861320
0.43948481
0.44037078
0.44126747
0.44217127
0.44307854
0.44398566
0.44488905
0.44578516
0.44667051
0.44754167
0.44839532
0.44922821
0.45003719
0.45081924
0.45157144
0.45229103
0.45297537
0.45362197
0.45422851
0.45479282
0.45531289
0.45578690
0.45621321
0.45659035
0.45691704
0.45719219
0.45741491
0.45758448
0.45770039
0.45776232
0.45777014
0.45772390
0.45762385
0.45747042
0.45726422
0.45700604
0.45669686
0.45633780
0.45593017
0.45547543
0.45497520
0.45443124
0.45384548
0.45321997
0.45255690
0.45185859
0.45112751
0.45036623
0.44957742
0.44876391
0.44792859
0.44707449
0.44620471
0.44532245
0.44443099
0.44353368
0.44263395
0.44173528
0.44084117
0.43995518
0.43908088
0.43822185
0.43738163
0.43656376
0.43577172
0.43500892
0.43427868
0.43358424
0.43292868
0.43231496
0.43174586
0.43122399
0.43075175
0.43033134
0.42996471
0.42965357
0.42939939
0.42920336
0.42906641
0.42898917
0.42897201
0.42901500
0.42911794
0.42928036
0.42950148
0.42978028
0.43011547
0.43050551
0.43094861
0.43144276
0.43198573
0.43257508
0.43320821
0.43388231
0.43459443
0.43534150
0.43612028
0.43692747
0.43775964
0.43861331
0.43948493
0.44037090
0.44126761
0.44217141
0.44307869
0.44398582
0.44488921
0.44578533
0.44667068
0.44754185
0.44839551
0.44922840
0.45003738
0.45081943
0.45157164
0.45229124
0.45297558
0.45362219
0.45422873
0.45479303
0.45531311
0.45578712
0.45621343
0.45659057
0.45691726
0.45719242
0.45741513
0.45758470
0.45770062
0.45776255
0.45777036
0.45772412
0.45762407
0.45747064
0.45726444
0.45700627
0.45669708
0.45633802
0.45593039
0.45547564
0.45497541
0.45443145
0.45384569
0.45322017
0.45255710
0.45185879
0.45112771
0.45036642
0.44957761
0.44876410
0.44792878
0.44707467
0.44620489
0.44532263
0.44443116
0.44353385
0.44263412
0.44173544
0.44084133
0.43995534
0.43908104
0.43822200
0.43738178
0.43656390
0.43577186
0.43500906
0.43427882
0.43358437
0.43292881
0.43231509
0.43174598
0.43122411
0.43075187
0.43033145
0.42996482
0.42965368
0.42939950
0.42920347
0.42906651
0.42898927
0.42897210
0.42901509
0.42911803
0.42928045
0.42950156
0.42978036
0.43011555
0.43050559
0.43094869
0.43144283
0.43198580
0.43257515
0.43320828
0.43388237
0.43459450
0.43534156
0.43612034
0.43692753
0.43775970
0.43861336
0.43948498
0.44037095
0.44126765
0.44217146
0.44307873
0.44398586
0.44488925
0.44578537
0.44667072
0.44754189
0.44839554
0.44922843
0.45003742
0.45081946
0.45157167
0.45229126
0.45297561
0.45362221
0.45422875
0.45479306
0.45531313
0.45578714
0.45621345
0.45659059
0.45691728
0.45719243
0.45741515
0.45758472
0.45770063
0.45776256
0.45777037
0.45772413
0.45762408
0.45747065
0.45726445
0.45700627
0.45669709
0.45633803
0.45593039
0.45547565
0.45497541
0.45443145
0.45384569
0.45322017
0.45255710
0.45185880
0.45112771
0.45036642
0.44957761
0.44876410
0.44792878
0.44707467
0.44620489
0.44532262
0.44443116
0.44353385
0.44263412
0.44173544
0.44084132
0.43995533
0.43908103
0.43822199
0.43738177
0.43656390
0.43577185
0.43500905
0.43427881
0.43358437
0.43292881
0.43231508
0.43174598
0.43122410
0.43075186
0.43033145
0.42996481
0.42965367
0.42939949
0.42920346
0.42906650
0.42898926
0.42897209
0.42901508
0.42911803
0.42928044
0.42950156
0.42978036
0.43011555
0.43050558
0.43094868
0.43144283
0.43198579
0.43257515
0.43320827
0.43388237
0.43459449
0.43534155
0.43612034
0.43692752
0.43775969
0.43861336
0.43948497
0.44037094
0.44126765
0.44217145
0.44307873
0.44398585
0.44488925
0.44578536
0.44667071
0.44754188
0.44839554
0.44922843
0.45003741
0.45081946
0.45157167
0.45229126
0.45297560
0.45362221
0.45422875
0.45479305
0.45531312
0.45578714
0.45621344
0.45659058
0.45691727
0.45719243
0.45741514
0.45758471
0.45770063
0.45776256
0.45777037
0.45772413
0.45762408
0.45747064
0.45726444
0.45700627
0.45669708
0.45633802
0.45593039
0.45547565
0.45497541
0.45443145
0.45384569
0.45322017
0.45255710
0.45185879
0.45112771
0.45036642
0.44957761
